-63.875 	 1.26979e-11 
-63.75 	 1.27216e-11 
-63.625 	 1.27612e-11 
-63.5 	 1.28169e-11 
-63.375 	 1.28886e-11 
-63.25 	 1.29767e-11 
-63.125 	 1.30813e-11 
-63 	 1.32027e-11 
-62.875 	 1.33412e-11 
-62.75 	 1.34972e-11 
-62.625 	 1.36709e-11 
-62.5 	 1.3863e-11 
-62.375 	 1.40737e-11 
-62.25 	 1.43038e-11 
-62.125 	 1.45537e-11 
-62 	 1.4824e-11 
-61.875 	 1.51155e-11 
-61.75 	 1.54288e-11 
-61.625 	 1.57648e-11 
-61.5 	 1.61243e-11 
-61.375 	 1.65081e-11 
-61.25 	 1.69173e-11 
-61.125 	 1.73528e-11 
-61 	 1.78158e-11 
-60.875 	 1.83074e-11 
-60.75 	 1.88287e-11 
-60.625 	 1.93813e-11 
-60.5 	 1.99663e-11 
-60.375 	 2.05852e-11 
-60.25 	 2.12397e-11 
-60.125 	 2.19313e-11 
-60 	 2.26617e-11 
-59.875 	 2.34328e-11 
-59.75 	 2.42465e-11 
-59.625 	 2.51049e-11 
-59.5 	 2.601e-11 
-59.375 	 2.69641e-11 
-59.25 	 2.79696e-11 
-59.125 	 2.9029e-11 
-59 	 3.0145e-11 
-58.875 	 3.13203e-11 
-58.75 	 3.25579e-11 
-58.625 	 3.38608e-11 
-58.5 	 3.52322e-11 
-58.375 	 3.66758e-11 
-58.25 	 3.81949e-11 
-58.125 	 3.97934e-11 
-58 	 4.14753e-11 
-57.875 	 4.32447e-11 
-57.75 	 4.51062e-11 
-57.625 	 4.70642e-11 
-57.5 	 4.91238e-11 
-57.375 	 5.129e-11 
-57.25 	 5.35683e-11 
-57.125 	 5.59642e-11 
-57 	 5.84839e-11 
-56.875 	 6.11335e-11 
-56.75 	 6.39197e-11 
-56.625 	 6.68495e-11 
-56.5 	 6.993e-11 
-56.375 	 7.31691e-11 
-56.25 	 7.65747e-11 
-56.125 	 8.01554e-11 
-56 	 8.39201e-11 
-55.875 	 8.78782e-11 
-55.75 	 9.20395e-11 
-55.625 	 9.64145e-11 
-55.5 	 1.01014e-10 
-55.375 	 1.05849e-10 
-55.25 	 1.10933e-10 
-55.125 	 1.16277e-10 
-55 	 1.21895e-10 
-54.875 	 1.27802e-10 
-54.75 	 1.34011e-10 
-54.625 	 1.40538e-10 
-54.5 	 1.474e-10 
-54.375 	 1.54613e-10 
-54.25 	 1.62196e-10 
-54.125 	 1.70168e-10 
-54 	 1.78548e-10 
-53.875 	 1.87357e-10 
-53.75 	 1.96618e-10 
-53.625 	 2.06352e-10 
-53.5 	 2.16586e-10 
-53.375 	 2.27343e-10 
-53.25 	 2.38651e-10 
-53.125 	 2.50539e-10 
-53 	 2.63035e-10 
-52.875 	 2.76171e-10 
-52.75 	 2.8998e-10 
-52.625 	 3.04495e-10 
-52.5 	 3.19754e-10 
-52.375 	 3.35794e-10 
-52.25 	 3.52656e-10 
-52.125 	 3.7038e-10 
-52 	 3.89012e-10 
-51.875 	 4.08599e-10 
-51.75 	 4.29187e-10 
-51.625 	 4.5083e-10 
-51.5 	 4.73581e-10 
-51.375 	 4.97497e-10 
-51.25 	 5.22637e-10 
-51.125 	 5.49064e-10 
-51 	 5.76843e-10 
-50.875 	 6.06045e-10 
-50.75 	 6.36742e-10 
-50.625 	 6.69011e-10 
-50.5 	 7.02931e-10 
-50.375 	 7.38588e-10 
-50.25 	 7.7607e-10 
-50.125 	 8.15471e-10 
-50 	 8.56888e-10 
-49.875 	 9.00426e-10 
-49.75 	 9.46193e-10 
-49.625 	 9.94303e-10 
-49.5 	 1.04488e-09 
-49.375 	 1.09804e-09 
-49.25 	 1.15392e-09 
-49.125 	 1.21266e-09 
-49 	 1.27441e-09 
-48.875 	 1.33932e-09 
-48.75 	 1.40756e-09 
-48.625 	 1.47929e-09 
-48.5 	 1.55468e-09 
-48.375 	 1.63394e-09 
-48.25 	 1.71726e-09 
-48.125 	 1.80484e-09 
-48 	 1.8969e-09 
-47.875 	 1.99368e-09 
-47.75 	 2.09541e-09 
-47.625 	 2.20235e-09 
-47.5 	 2.31476e-09 
-47.375 	 2.43293e-09 
-47.25 	 2.55715e-09 
-47.125 	 2.68772e-09 
-47 	 2.82498e-09 
-46.875 	 2.96927e-09 
-46.75 	 3.12094e-09 
-46.625 	 3.28037e-09 
-46.5 	 3.44797e-09 
-46.375 	 3.62414e-09 
-46.25 	 3.80934e-09 
-46.125 	 4.00401e-09 
-46 	 4.20865e-09 
-45.875 	 4.42377e-09 
-45.75 	 4.6499e-09 
-45.625 	 4.8876e-09 
-45.5 	 5.13747e-09 
-45.375 	 5.40013e-09 
-45.25 	 5.67624e-09 
-45.125 	 5.96648e-09 
-45 	 6.27158e-09 
-44.875 	 6.59229e-09 
-44.75 	 6.92943e-09 
-44.625 	 7.28382e-09 
-44.5 	 7.65635e-09 
-44.375 	 8.04795e-09 
-44.25 	 8.4596e-09 
-44.125 	 8.89232e-09 
-44 	 9.34719e-09 
-43.875 	 9.82535e-09 
-43.75 	 1.0328e-08 
-43.625 	 1.08563e-08 
-43.5 	 1.14118e-08 
-43.375 	 1.19956e-08 
-43.25 	 1.26093e-08 
-43.125 	 1.32545e-08 
-43 	 1.39326e-08 
-42.875 	 1.46455e-08 
-42.75 	 1.53949e-08 
-42.625 	 1.61826e-08 
-42.5 	 1.70107e-08 
-42.375 	 1.78812e-08 
-42.25 	 1.87962e-08 
-42.125 	 1.9758e-08 
-42 	 2.07691e-08 
-41.875 	 2.18319e-08 
-41.75 	 2.29492e-08 
-41.625 	 2.41236e-08 
-41.5 	 2.53582e-08 
-41.375 	 2.6656e-08 
-41.25 	 2.80201e-08 
-41.125 	 2.94542e-08 
-41 	 3.09616e-08 
-40.875 	 3.25462e-08 
-40.75 	 3.42119e-08 
-40.625 	 3.59629e-08 
-40.5 	 3.78035e-08 
-40.375 	 3.97383e-08 
-40.25 	 4.17722e-08 
-40.125 	 4.39102e-08 
-40 	 4.61576e-08 
-39.875 	 4.85201e-08 
-39.75 	 5.10035e-08 
-39.625 	 5.3614e-08 
-39.5 	 5.63582e-08 
-39.375 	 5.92428e-08 
-39.25 	 6.22752e-08 
-39.125 	 6.54627e-08 
-39 	 6.88134e-08 
-38.875 	 7.23356e-08 
-38.75 	 7.60381e-08 
-38.625 	 7.99302e-08 
-38.5 	 8.40215e-08 
-38.375 	 8.83222e-08 
-38.25 	 9.28431e-08 
-38.125 	 9.75954e-08 
-38 	 1.02591e-07 
-37.875 	 1.07842e-07 
-37.75 	 1.13362e-07 
-37.625 	 1.19165e-07 
-37.5 	 1.25265e-07 
-37.375 	 1.31677e-07 
-37.25 	 1.38417e-07 
-37.125 	 1.45502e-07 
-37 	 1.5295e-07 
-36.875 	 1.60779e-07 
-36.75 	 1.69009e-07 
-36.625 	 1.7766e-07 
-36.5 	 1.86754e-07 
-36.375 	 1.96314e-07 
-36.25 	 2.06363e-07 
-36.125 	 2.16926e-07 
-36 	 2.2803e-07 
-35.875 	 2.39703e-07 
-35.75 	 2.51973e-07 
-35.625 	 2.64871e-07 
-35.5 	 2.78429e-07 
-35.375 	 2.92682e-07 
-35.25 	 3.07664e-07 
-35.125 	 3.23413e-07 
-35 	 3.39968e-07 
-34.875 	 3.5737e-07 
-34.75 	 3.75664e-07 
-34.625 	 3.94893e-07 
-34.5 	 4.15108e-07 
-34.375 	 4.36357e-07 
-34.25 	 4.58693e-07 
-34.125 	 4.82173e-07 
-34 	 5.06855e-07 
-33.875 	 5.32801e-07 
-33.75 	 5.60074e-07 
-33.625 	 5.88744e-07 
-33.5 	 6.18881e-07 
-33.375 	 6.50561e-07 
-33.25 	 6.83863e-07 
-33.125 	 7.1887e-07 
-33 	 7.55668e-07 
-32.875 	 7.9435e-07 
-32.75 	 8.35012e-07 
-32.625 	 8.77756e-07 
-32.5 	 9.22687e-07 
-32.375 	 9.69919e-07 
-32.25 	 1.01957e-06 
-32.125 	 1.07176e-06 
-32 	 1.12662e-06 
-31.875 	 1.18429e-06 
-31.75 	 1.24492e-06 
-31.625 	 1.30864e-06 
-31.5 	 1.37563e-06 
-31.375 	 1.44605e-06 
-31.25 	 1.52007e-06 
-31.125 	 1.59788e-06 
-31 	 1.67968e-06 
-30.875 	 1.76566e-06 
-30.75 	 1.85604e-06 
-30.625 	 1.95105e-06 
-30.5 	 2.05092e-06 
-30.375 	 2.15591e-06 
-30.25 	 2.26627e-06 
-30.125 	 2.38227e-06 
-30 	 2.50422e-06 
-29.875 	 2.63241e-06 
-29.75 	 2.76716e-06 
-29.625 	 2.90881e-06 
-29.5 	 3.05771e-06 
-29.375 	 3.21423e-06 
-29.25 	 3.37876e-06 
-29.125 	 3.55172e-06 
-29 	 3.73352e-06 
-28.875 	 3.92464e-06 
-28.75 	 4.12553e-06 
-28.625 	 4.33672e-06 
-28.5 	 4.55871e-06 
-28.375 	 4.79206e-06 
-28.25 	 5.03736e-06 
-28.125 	 5.29521e-06 
-28 	 5.56627e-06 
-27.875 	 5.85119e-06 
-27.75 	 6.15071e-06 
-27.625 	 6.46555e-06 
-27.5 	 6.79651e-06 
-27.375 	 7.14441e-06 
-27.25 	 7.51011e-06 
-27.125 	 7.89454e-06 
-27 	 8.29864e-06 
-26.875 	 8.72343e-06 
-26.75 	 9.16996e-06 
-26.625 	 9.63935e-06 
-26.5 	 1.01328e-05 
-26.375 	 1.06514e-05 
-26.25 	 1.11966e-05 
-26.125 	 1.17698e-05 
-26 	 1.23722e-05 
-25.875 	 1.30055e-05 
-25.75 	 1.36712e-05 
-25.625 	 1.4371e-05 
-25.5 	 1.51066e-05 
-25.375 	 1.58798e-05 
-25.25 	 1.66926e-05 
-25.125 	 1.75471e-05 
-25 	 1.84452e-05 
-24.875 	 1.93893e-05 
-24.75 	 2.03818e-05 
-24.625 	 2.1425e-05 
-24.5 	 2.25216e-05 
-24.375 	 2.36743e-05 
-24.25 	 2.48861e-05 
-24.125 	 2.61598e-05 
-24 	 2.74988e-05 
-23.875 	 2.89062e-05 
-23.75 	 3.03857e-05 
-23.625 	 3.19409e-05 
-23.5 	 3.35756e-05 
-23.375 	 3.52941e-05 
-23.25 	 3.71004e-05 
-23.125 	 3.89992e-05 
-23 	 4.09952e-05 
-22.875 	 4.30933e-05 
-22.75 	 4.52987e-05 
-22.625 	 4.7617e-05 
-22.5 	 5.00539e-05 
-22.375 	 5.26154e-05 
-22.25 	 5.53081e-05 
-22.125 	 5.81385e-05 
-22 	 6.11136e-05 
-21.875 	 6.4241e-05 
-21.75 	 6.75284e-05 
-21.625 	 7.09839e-05 
-21.5 	 7.46162e-05 
-21.375 	 7.84343e-05 
-21.25 	 8.24477e-05 
-21.125 	 8.66664e-05 
-21 	 9.11008e-05 
-20.875 	 9.5762e-05 
-20.75 	 0.000100662 
-20.625 	 0.000105812 
-20.5 	 0.000111225 
-20.375 	 0.000116915 
-20.25 	 0.000122897 
-20.125 	 0.000129183 
-20 	 0.000135792 
-19.875 	 0.000142738 
-19.75 	 0.000150039 
-19.625 	 0.000157714 
-19.5 	 0.00016578 
-19.375 	 0.000174259 
-19.25 	 0.000183171 
-19.125 	 0.000192539 
-19 	 0.000202385 
-18.875 	 0.000212734 
-18.75 	 0.000223611 
-18.625 	 0.000235044 
-18.5 	 0.000247061 
-18.375 	 0.000259692 
-18.25 	 0.000272967 
-18.125 	 0.00028692 
-18 	 0.000301585 
-17.875 	 0.000316999 
-17.75 	 0.000333199 
-17.625 	 0.000350225 
-17.5 	 0.00036812 
-17.375 	 0.000386927 
-17.25 	 0.000406693 
-17.125 	 0.000427467 
-17 	 0.000449299 
-16.875 	 0.000472244 
-16.75 	 0.000496358 
-16.625 	 0.0005217 
-16.5 	 0.000548332 
-16.375 	 0.00057632 
-16.25 	 0.000605731 
-16.125 	 0.000636639 
-16 	 0.000669119 
-15.875 	 0.00070325 
-15.75 	 0.000739115 
-15.625 	 0.000776803 
-15.5 	 0.000816404 
-15.375 	 0.000858015 
-15.25 	 0.000901737 
-15.125 	 0.000947676 
-15 	 0.000995944 
-14.875 	 0.00104666 
-14.75 	 0.00109994 
-14.625 	 0.00115592 
-14.5 	 0.00121473 
-14.375 	 0.00127651 
-14.25 	 0.00134141 
-14.125 	 0.00140959 
-14 	 0.00148121 
-13.875 	 0.00155643 
-13.75 	 0.00163545 
-13.625 	 0.00171844 
-13.5 	 0.00180561 
-13.375 	 0.00189715 
-13.25 	 0.00199329 
-13.125 	 0.00209424 
-13 	 0.00220026 
-12.875 	 0.00231157 
-12.75 	 0.00242845 
-12.625 	 0.00255116 
-12.5 	 0.00267998 
-12.375 	 0.00281521 
-12.25 	 0.00295716 
-12.125 	 0.00310616 
-12 	 0.00326254 
-11.875 	 0.00342665 
-11.75 	 0.00359885 
-11.625 	 0.00377955 
-11.5 	 0.00396912 
-11.375 	 0.004168 
-11.25 	 0.00437662 
-11.125 	 0.00459543 
-11 	 0.00482489 
-10.875 	 0.00506551 
-10.75 	 0.00531779 
-10.625 	 0.00558227 
-10.5 	 0.00585948 
-10.375 	 0.00615002 
-10.25 	 0.00645446 
-10.125 	 0.00677342 
-10 	 0.00710755 
-9.875 	 0.00745749 
-9.75 	 0.00782393 
-9.625 	 0.00820758 
-9.5 	 0.00860915 
-9.375 	 0.00902939 
-9.25 	 0.00946908 
-9.125 	 0.009929 
-9 	 0.01041 
-8.875 	 0.0109128 
-8.75 	 0.0114384 
-8.625 	 0.0119875 
-8.5 	 0.0125612 
-8.375 	 0.0131602 
-8.25 	 0.0137855 
-8.125 	 0.0144381 
-8 	 0.0151188 
-7.875 	 0.0158285 
-7.75 	 0.0165684 
-7.625 	 0.0173392 
-7.5 	 0.0181419 
-7.375 	 0.0189775 
-7.25 	 0.0198469 
-7.125 	 0.0207509 
-7 	 0.0216905 
-6.875 	 0.0226665 
-6.75 	 0.0236797 
-6.625 	 0.0247308 
-6.5 	 0.0258206 
-6.375 	 0.0269497 
-6.25 	 0.0281188 
-6.125 	 0.0293282 
-6 	 0.0305784 
-5.875 	 0.0318697 
-5.75 	 0.0332023 
-5.625 	 0.0345763 
-5.5 	 0.0359916 
-5.375 	 0.0374479 
-5.25 	 0.038945 
-5.125 	 0.0404821 
-5 	 0.0420587 
-4.875 	 0.0436737 
-4.75 	 0.045326 
-4.625 	 0.0470141 
-4.5 	 0.0487365 
-4.375 	 0.0504912 
-4.25 	 0.0522762 
-4.125 	 0.0540888 
-4 	 0.0559266 
-3.875 	 0.0577864 
-3.75 	 0.059665 
-3.625 	 0.0615588 
-3.5 	 0.0634639 
-3.375 	 0.0653762 
-3.25 	 0.0672912 
-3.125 	 0.0692041 
-3 	 0.0711099 
-2.875 	 0.0730034 
-2.75 	 0.0748792 
-2.625 	 0.0767314 
-2.5 	 0.0785542 
-2.375 	 0.0803415 
-2.25 	 0.0820872 
-2.125 	 0.0837851 
-2 	 0.0854288 
-1.875 	 0.087012 
-1.75 	 0.0885285 
-1.625 	 0.089972 
-1.5 	 0.0913366 
-1.375 	 0.0926164 
-1.25 	 0.0938058 
-1.125 	 0.0948995 
-1 	 0.0958925 
-0.875 	 0.0967802 
-0.75 	 0.0975583 
-0.625 	 0.0982233 
-0.5 	 0.0987718 
-0.375 	 0.0992013 
-0.25 	 0.0995096 
-0.125 	 0.0996952 
0 	 0.0997572 
0.125 	 0.0996952 
0.25 	 0.0995096 
0.375 	 0.0992013 
0.5 	 0.0987718 
0.625 	 0.0982233 
0.75 	 0.0975583 
0.875 	 0.0967802 
1 	 0.0958925 
1.125 	 0.0948995 
1.25 	 0.0938058 
1.375 	 0.0926164 
1.5 	 0.0913366 
1.625 	 0.089972 
1.75 	 0.0885285 
1.875 	 0.087012 
2 	 0.0854288 
2.125 	 0.0837851 
2.25 	 0.0820872 
2.375 	 0.0803415 
2.5 	 0.0785542 
2.625 	 0.0767314 
2.75 	 0.0748792 
2.875 	 0.0730034 
3 	 0.0711099 
3.125 	 0.0692041 
3.25 	 0.0672912 
3.375 	 0.0653762 
3.5 	 0.0634639 
3.625 	 0.0615588 
3.75 	 0.059665 
3.875 	 0.0577864 
4 	 0.0559266 
4.125 	 0.0540888 
4.25 	 0.0522762 
4.375 	 0.0504912 
4.5 	 0.0487365 
4.625 	 0.0470141 
4.75 	 0.045326 
4.875 	 0.0436737 
5 	 0.0420587 
5.125 	 0.0404821 
5.25 	 0.038945 
5.375 	 0.0374479 
5.5 	 0.0359916 
5.625 	 0.0345763 
5.75 	 0.0332023 
5.875 	 0.0318697 
6 	 0.0305784 
6.125 	 0.0293282 
6.25 	 0.0281188 
6.375 	 0.0269497 
6.5 	 0.0258206 
6.625 	 0.0247308 
6.75 	 0.0236797 
6.875 	 0.0226665 
7 	 0.0216905 
7.125 	 0.0207509 
7.25 	 0.0198469 
7.375 	 0.0189775 
7.5 	 0.0181419 
7.625 	 0.0173392 
7.75 	 0.0165684 
7.875 	 0.0158285 
8 	 0.0151188 
8.125 	 0.0144381 
8.25 	 0.0137855 
8.375 	 0.0131602 
8.5 	 0.0125612 
8.625 	 0.0119875 
8.75 	 0.0114384 
8.875 	 0.0109128 
9 	 0.01041 
9.125 	 0.009929 
9.25 	 0.00946908 
9.375 	 0.00902939 
9.5 	 0.00860915 
9.625 	 0.00820758 
9.75 	 0.00782393 
9.875 	 0.00745749 
10 	 0.00710755 
10.125 	 0.00677342 
10.25 	 0.00645446 
10.375 	 0.00615002 
10.5 	 0.00585948 
10.625 	 0.00558227 
10.75 	 0.00531779 
10.875 	 0.00506551 
11 	 0.00482489 
11.125 	 0.00459543 
11.25 	 0.00437662 
11.375 	 0.004168 
11.5 	 0.00396912 
11.625 	 0.00377955 
11.75 	 0.00359885 
11.875 	 0.00342665 
12 	 0.00326254 
12.125 	 0.00310616 
12.25 	 0.00295716 
12.375 	 0.00281521 
12.5 	 0.00267998 
12.625 	 0.00255116 
12.75 	 0.00242845 
12.875 	 0.00231157 
13 	 0.00220026 
13.125 	 0.00209424 
13.25 	 0.00199329 
13.375 	 0.00189715 
13.5 	 0.00180561 
13.625 	 0.00171844 
13.75 	 0.00163545 
13.875 	 0.00155643 
14 	 0.00148121 
14.125 	 0.00140959 
14.25 	 0.00134141 
14.375 	 0.00127651 
14.5 	 0.00121473 
14.625 	 0.00115592 
14.75 	 0.00109994 
14.875 	 0.00104666 
15 	 0.000995944 
15.125 	 0.000947676 
15.25 	 0.000901737 
15.375 	 0.000858015 
15.5 	 0.000816404 
15.625 	 0.000776803 
15.75 	 0.000739115 
15.875 	 0.00070325 
16 	 0.000669119 
16.125 	 0.000636639 
16.25 	 0.000605731 
16.375 	 0.00057632 
16.5 	 0.000548332 
16.625 	 0.0005217 
16.75 	 0.000496358 
16.875 	 0.000472244 
17 	 0.000449299 
17.125 	 0.000427467 
17.25 	 0.000406693 
17.375 	 0.000386927 
17.5 	 0.00036812 
17.625 	 0.000350225 
17.75 	 0.000333199 
17.875 	 0.000316999 
18 	 0.000301585 
18.125 	 0.00028692 
18.25 	 0.000272967 
18.375 	 0.000259692 
18.5 	 0.000247061 
18.625 	 0.000235044 
18.75 	 0.000223611 
18.875 	 0.000212734 
19 	 0.000202385 
19.125 	 0.000192539 
19.25 	 0.000183171 
19.375 	 0.000174259 
19.5 	 0.00016578 
19.625 	 0.000157714 
19.75 	 0.000150039 
19.875 	 0.000142738 
20 	 0.000135792 
20.125 	 0.000129183 
20.25 	 0.000122897 
20.375 	 0.000116915 
20.5 	 0.000111225 
20.625 	 0.000105812 
20.75 	 0.000100662 
20.875 	 9.5762e-05 
21 	 9.11008e-05 
21.125 	 8.66664e-05 
21.25 	 8.24477e-05 
21.375 	 7.84343e-05 
21.5 	 7.46162e-05 
21.625 	 7.09839e-05 
21.75 	 6.75284e-05 
21.875 	 6.4241e-05 
22 	 6.11136e-05 
22.125 	 5.81385e-05 
22.25 	 5.53081e-05 
22.375 	 5.26154e-05 
22.5 	 5.00539e-05 
22.625 	 4.7617e-05 
22.75 	 4.52987e-05 
22.875 	 4.30933e-05 
23 	 4.09952e-05 
23.125 	 3.89992e-05 
23.25 	 3.71004e-05 
23.375 	 3.52941e-05 
23.5 	 3.35756e-05 
23.625 	 3.19409e-05 
23.75 	 3.03857e-05 
23.875 	 2.89062e-05 
24 	 2.74988e-05 
24.125 	 2.61598e-05 
24.25 	 2.48861e-05 
24.375 	 2.36743e-05 
24.5 	 2.25216e-05 
24.625 	 2.1425e-05 
24.75 	 2.03818e-05 
24.875 	 1.93893e-05 
25 	 1.84452e-05 
25.125 	 1.75471e-05 
25.25 	 1.66926e-05 
25.375 	 1.58798e-05 
25.5 	 1.51066e-05 
25.625 	 1.4371e-05 
25.75 	 1.36712e-05 
25.875 	 1.30055e-05 
26 	 1.23722e-05 
26.125 	 1.17698e-05 
26.25 	 1.11966e-05 
26.375 	 1.06514e-05 
26.5 	 1.01328e-05 
26.625 	 9.63935e-06 
26.75 	 9.16996e-06 
26.875 	 8.72343e-06 
27 	 8.29864e-06 
27.125 	 7.89454e-06 
27.25 	 7.51011e-06 
27.375 	 7.14441e-06 
27.5 	 6.79651e-06 
27.625 	 6.46555e-06 
27.75 	 6.15071e-06 
27.875 	 5.85119e-06 
28 	 5.56627e-06 
28.125 	 5.29521e-06 
28.25 	 5.03736e-06 
28.375 	 4.79206e-06 
28.5 	 4.55871e-06 
28.625 	 4.33672e-06 
28.75 	 4.12553e-06 
28.875 	 3.92464e-06 
29 	 3.73352e-06 
29.125 	 3.55172e-06 
29.25 	 3.37876e-06 
29.375 	 3.21423e-06 
29.5 	 3.05771e-06 
29.625 	 2.90881e-06 
29.75 	 2.76716e-06 
29.875 	 2.63241e-06 
30 	 2.50422e-06 
30.125 	 2.38227e-06 
30.25 	 2.26627e-06 
30.375 	 2.15591e-06 
30.5 	 2.05092e-06 
30.625 	 1.95105e-06 
30.75 	 1.85604e-06 
30.875 	 1.76566e-06 
31 	 1.67968e-06 
31.125 	 1.59788e-06 
31.25 	 1.52007e-06 
31.375 	 1.44605e-06 
31.5 	 1.37563e-06 
31.625 	 1.30864e-06 
31.75 	 1.24492e-06 
31.875 	 1.18429e-06 
32 	 1.12662e-06 
32.125 	 1.07176e-06 
32.25 	 1.01957e-06 
32.375 	 9.69919e-07 
32.5 	 9.22687e-07 
32.625 	 8.77756e-07 
32.75 	 8.35012e-07 
32.875 	 7.9435e-07 
33 	 7.55668e-07 
33.125 	 7.1887e-07 
33.25 	 6.83863e-07 
33.375 	 6.50561e-07 
33.5 	 6.18881e-07 
33.625 	 5.88744e-07 
33.75 	 5.60074e-07 
33.875 	 5.32801e-07 
34 	 5.06855e-07 
34.125 	 4.82173e-07 
34.25 	 4.58693e-07 
34.375 	 4.36357e-07 
34.5 	 4.15108e-07 
34.625 	 3.94893e-07 
34.75 	 3.75664e-07 
34.875 	 3.5737e-07 
35 	 3.39968e-07 
35.125 	 3.23413e-07 
35.25 	 3.07664e-07 
35.375 	 2.92682e-07 
35.5 	 2.78429e-07 
35.625 	 2.64871e-07 
35.75 	 2.51973e-07 
35.875 	 2.39703e-07 
36 	 2.2803e-07 
36.125 	 2.16926e-07 
36.25 	 2.06363e-07 
36.375 	 1.96314e-07 
36.5 	 1.86754e-07 
36.625 	 1.7766e-07 
36.75 	 1.69009e-07 
36.875 	 1.60779e-07 
37 	 1.5295e-07 
37.125 	 1.45502e-07 
37.25 	 1.38417e-07 
37.375 	 1.31677e-07 
37.5 	 1.25265e-07 
37.625 	 1.19165e-07 
37.75 	 1.13362e-07 
37.875 	 1.07842e-07 
38 	 1.02591e-07 
38.125 	 9.75954e-08 
38.25 	 9.28431e-08 
38.375 	 8.83222e-08 
38.5 	 8.40215e-08 
38.625 	 7.99302e-08 
38.75 	 7.60381e-08 
38.875 	 7.23356e-08 
39 	 6.88134e-08 
39.125 	 6.54627e-08 
39.25 	 6.22752e-08 
39.375 	 5.92428e-08 
39.5 	 5.63582e-08 
39.625 	 5.3614e-08 
39.75 	 5.10035e-08 
39.875 	 4.85201e-08 
40 	 4.61576e-08 
40.125 	 4.39102e-08 
40.25 	 4.17722e-08 
40.375 	 3.97383e-08 
40.5 	 3.78035e-08 
40.625 	 3.59629e-08 
40.75 	 3.42119e-08 
40.875 	 3.25462e-08 
41 	 3.09616e-08 
41.125 	 2.94542e-08 
41.25 	 2.80201e-08 
41.375 	 2.6656e-08 
41.5 	 2.53582e-08 
41.625 	 2.41236e-08 
41.75 	 2.29492e-08 
41.875 	 2.18319e-08 
42 	 2.07691e-08 
42.125 	 1.9758e-08 
42.25 	 1.87962e-08 
42.375 	 1.78812e-08 
42.5 	 1.70107e-08 
42.625 	 1.61826e-08 
42.75 	 1.53949e-08 
42.875 	 1.46455e-08 
43 	 1.39326e-08 
43.125 	 1.32545e-08 
43.25 	 1.26093e-08 
43.375 	 1.19956e-08 
43.5 	 1.14118e-08 
43.625 	 1.08563e-08 
43.75 	 1.0328e-08 
43.875 	 9.82535e-09 
44 	 9.34719e-09 
44.125 	 8.89232e-09 
44.25 	 8.4596e-09 
44.375 	 8.04795e-09 
44.5 	 7.65635e-09 
44.625 	 7.28382e-09 
44.75 	 6.92943e-09 
44.875 	 6.59229e-09 
45 	 6.27158e-09 
45.125 	 5.96648e-09 
45.25 	 5.67624e-09 
45.375 	 5.40013e-09 
45.5 	 5.13747e-09 
45.625 	 4.8876e-09 
45.75 	 4.6499e-09 
45.875 	 4.42377e-09 
46 	 4.20865e-09 
46.125 	 4.00401e-09 
46.25 	 3.80934e-09 
46.375 	 3.62414e-09 
46.5 	 3.44797e-09 
46.625 	 3.28037e-09 
46.75 	 3.12094e-09 
46.875 	 2.96927e-09 
47 	 2.82498e-09 
47.125 	 2.68772e-09 
47.25 	 2.55715e-09 
47.375 	 2.43293e-09 
47.5 	 2.31476e-09 
47.625 	 2.20235e-09 
47.75 	 2.09541e-09 
47.875 	 1.99368e-09 
48 	 1.8969e-09 
48.125 	 1.80484e-09 
48.25 	 1.71726e-09 
48.375 	 1.63394e-09 
48.5 	 1.55468e-09 
48.625 	 1.47929e-09 
48.75 	 1.40756e-09 
48.875 	 1.33932e-09 
49 	 1.27441e-09 
49.125 	 1.21266e-09 
49.25 	 1.15392e-09 
49.375 	 1.09804e-09 
49.5 	 1.04488e-09 
49.625 	 9.94303e-10 
49.75 	 9.46193e-10 
49.875 	 9.00426e-10 
50 	 8.56888e-10 
50.125 	 8.15471e-10 
50.25 	 7.7607e-10 
50.375 	 7.38588e-10 
50.5 	 7.02931e-10 
50.625 	 6.69011e-10 
50.75 	 6.36742e-10 
50.875 	 6.06045e-10 
51 	 5.76843e-10 
51.125 	 5.49064e-10 
51.25 	 5.22637e-10 
51.375 	 4.97497e-10 
51.5 	 4.73581e-10 
51.625 	 4.5083e-10 
51.75 	 4.29187e-10 
51.875 	 4.08599e-10 
52 	 3.89012e-10 
52.125 	 3.7038e-10 
52.25 	 3.52656e-10 
52.375 	 3.35794e-10 
52.5 	 3.19754e-10 
52.625 	 3.04495e-10 
52.75 	 2.8998e-10 
52.875 	 2.76171e-10 
53 	 2.63035e-10 
53.125 	 2.50539e-10 
53.25 	 2.38651e-10 
53.375 	 2.27343e-10 
53.5 	 2.16586e-10 
53.625 	 2.06352e-10 
53.75 	 1.96618e-10 
53.875 	 1.87357e-10 
54 	 1.78548e-10 
54.125 	 1.70168e-10 
54.25 	 1.62196e-10 
54.375 	 1.54613e-10 
54.5 	 1.474e-10 
54.625 	 1.40538e-10 
54.75 	 1.34011e-10 
54.875 	 1.27802e-10 
55 	 1.21895e-10 
55.125 	 1.16277e-10 
55.25 	 1.10933e-10 
55.375 	 1.05849e-10 
55.5 	 1.01014e-10 
55.625 	 9.64145e-11 
55.75 	 9.20395e-11 
55.875 	 8.78782e-11 
56 	 8.39201e-11 
56.125 	 8.01554e-11 
56.25 	 7.65747e-11 
56.375 	 7.31691e-11 
56.5 	 6.993e-11 
56.625 	 6.68495e-11 
56.75 	 6.39197e-11 
56.875 	 6.11335e-11 
57 	 5.84839e-11 
57.125 	 5.59642e-11 
57.25 	 5.35683e-11 
57.375 	 5.129e-11 
57.5 	 4.91238e-11 
57.625 	 4.70642e-11 
57.75 	 4.51062e-11 
57.875 	 4.32447e-11 
58 	 4.14753e-11 
58.125 	 3.97934e-11 
58.25 	 3.81949e-11 
58.375 	 3.66758e-11 
58.5 	 3.52322e-11 
58.625 	 3.38608e-11 
58.75 	 3.25579e-11 
58.875 	 3.13203e-11 
59 	 3.0145e-11 
59.125 	 2.9029e-11 
59.25 	 2.79696e-11 
59.375 	 2.69641e-11 
59.5 	 2.601e-11 
59.625 	 2.51049e-11 
59.75 	 2.42465e-11 
59.875 	 2.34328e-11 
60 	 2.26617e-11 
60.125 	 2.19313e-11 
60.25 	 2.12397e-11 
60.375 	 2.05852e-11 
60.5 	 1.99663e-11 
60.625 	 1.93813e-11 
60.75 	 1.88287e-11 
60.875 	 1.83074e-11 
61 	 1.78158e-11 
61.125 	 1.73528e-11 
61.25 	 1.69173e-11 
61.375 	 1.65081e-11 
61.5 	 1.61243e-11 
61.625 	 1.57648e-11 
61.75 	 1.54288e-11 
61.875 	 1.51155e-11 
62 	 1.4824e-11 
62.125 	 1.45537e-11 
62.25 	 1.43038e-11 
62.375 	 1.40737e-11 
62.5 	 1.3863e-11 
62.625 	 1.36709e-11 
62.75 	 1.34972e-11 
62.875 	 1.33412e-11 
63 	 1.32027e-11 
63.125 	 1.30813e-11 
63.25 	 1.29767e-11 
63.375 	 1.28886e-11 
63.5 	 1.28169e-11 
63.625 	 1.27612e-11 
63.75 	 1.27216e-11 
63.875 	 1.26979e-11 
64 	 1.26899e-11 
